1	234	54	10
2	354	14	32
1	228	48	33
1	252	12	51
1	11	11	55
2	466	43	67
1	4	4	88
1	273	33	94
2	426	34	97
1	172	52	107
2	480	56	110
2	406	5	119
2	447	47	149
1	204	24	164
1	1	1	171
1	62	2	181
2	421	4	191
1	60	60	197
1	44	44	199
1	164	44	228
1	116	56	240
2	496	54	246
1	94	34	254
1	272	32	266
2	591	18	271
1	287	47	271
2	416	48	281
2	523	38	289
1	142	22	299
1	221	41	371
2	435	18	372
2	315	22	383
2	62	60	385
1	26	26	403
1	13	13	407
2	537	31	416
1	267	27	419
1	67	7	426
1	229	49	428
1	89	29	432
1	54	54	436
1	151	31	441
2	424	45	463
2	538	53	475
2	559	16	483
1	115	55	491
